x,v 
0, -4
0.07633533013546263, -4
0.10773297536855013, -4
0.0882460149572795, -4
0.05607821510279649, -4
0.06043603654113955, -4
0.11883401175849846, -4
0.20189803410074172, -4
0.25885218174891944, -4
0.26157510373403414, -4
0.22899987422160936, -4
0.2106864655658113, -4
0.24382039659195737, -4
0.32094823570822323, -4
0.39644466733360323, -4
0.4260998877200854, -4
0.4054788136048267, -4
0.37376923962878517, -4
0.37978004091144374, -4
0.4395915205742259, -4
0.5226031265288199, -4
0.5780844167137088, -4
0.5791919840085322, -4
0.5462604859915184, -4
0.5291590159978184, -4
0.5640215385803526, -4
0.6418947873015276, -4
0.7165066822850461, -4
0.7444148994532218, -4
0.7227001655058387, -4
0.6914992031979467, -4
0.6991795841496354, -4
0.7603729790647139, -4
0.8432797991931241, -4
0.8972605212522086, -4
0.8967737254853735, -4
0.8635374392251689, -4
0.8476852092723602, -4
0.8842670808831803, -4
0.9628379721734476, -4
1.03652048465869, -4
1.0626786850195293, -4
1.0399117246979195, -4
1.009269304286775, -4
1.0186343692974509, -4
1.0811768524966228, -4
1.163926611216493, -4
1.2163803985391608, -4
1.2143216594028936, -4
1.180832338158311, -4
1.1662655306866807, -4
1.2045559687847427, -4
1.2837761107330763, -4
1.3564852273072152, -4
1.3808919647536184, -4
1.3571151539899577, -4
1.3270807054207754, -4
1.3381440499167048, -4
1.4020015860596549, -4
1.484542148467803, -4
1.535444002111796, -4
1.531837147280699, -4
1.4981467709528125, -4
1.4849004170557003, -4
1.5248871087448896, -4
1.6047075279094614, -4
1.6764001070258703, -4
1.699055504227938, -4
1.6743121234727545, -4
1.6449345321331927, -4
1.6577082303995927, -4
1.722845606259189, -4
1.8051250248285993, -4
1.8544513359114496, -4
1.8493215797001674, -4
1.8154823082741536, -4
1.8035902563207629, -4
1.845259369378499, -4
1.925630554651968, -4
1.9962643652718985, -4
2.017170113567057, -4
1.9915043090231341, -4
1.9628318719568787, -4
1.9773264663230345, -4
2.043707322325654, -4
2.125673883434632, -4
2.1734024542800308, -4
2.166776375058902, -4
2.1328405018845884, -4
2.122335387202159, -4
2.165671582468852, -4
2.2465435294252285, -4
2.316077288843961, -4
2.3352366467220405, -4
2.308693390802864, -4
2.280773773450195, -4
2.296998264846744, -4
2.364585127639371, -4
2.4461873978911997, -4
2.49229746191135, -4
2.484202978300287, -4
2.450222883253236, -4
2.441136098895734, -4
2.4861225440140005, -4
2.5674447996973826, -4
2.6358382105209497, -4
2.6532560007055666, -4
2.625881051753749, -4
2.598761245257821, -4
2.6167230851546623, -4
2.6854774011696008, -4
2.766664273461192, -4
2.811136513757343, -4
2.8016028596192526, -4
2.767630962184356, -4
2.759992630813859, -4
2.806611015305184, -4
2.88833272342023, -4
2.9555465096596087, -4
2.9712291147884797, -4
2.943068976090217, -4
2.916795255207316, -4
2.936500338939365, -4
3.006382508926485, -4
3.0871032482247736, -4
3.129919814889285, -4
3.118977513145434, -4
3.0850662254650163, -4
3.078905172370988, -4
3.1271357240363384, -4
3.2092056705000185, -4
3.27520161275045, -4
3.2891569696584875, -4
3.260258847790789, -4
3.2348767294422456, -4
3.2563293909290043, -4
3.3272988054246135, -4
3.4075030942096927, -4
3.448647620314106, -4
3.4363284556048805, -4
3.402530135533392, -4
3.3978738628140026, -4
3.4476953654436895, -4
3.530062024257508, -4
3.594802993931435, -4
3.607040586541766, -4
3.577452349089739, -4
3.55300655159263, -4
3.5762095594563235, -4
3.6482246351568643, -4
3.7278626184911574, -4
3.767320234745982, -4
3.7536572249615356, -4
3.720024129168866, -4
3.716898791097488, -4
3.7682886034744327, -4
3.8509001828760114, -4
3.914350175458991, -4
3.924881026288247, -4
3.8946511589703237, -4
3.8711855619834914, -4
3.8961401170692174, -4
3.9691583340772536, -4
4.048180664260341, -4
4.085938012333407, -4
4.070965379039686, -4
4.037549616205104, -4
4.0359799958040545, -4
4.088914071983418, -4
4.17171856083615, -4
4.233842728135927, -4
4.242679388421429, -4
4.211856951660933, -4
4.18941455688217, -4
4.216120291182313, -4
4.290098231091391, -4
4.368456111860528, -4
4.4045013563419815, -4
4.3882544941286294, -4
4.355107978267281, -4
4.355117465109784, -4
4.409570375956809, -4
4.492515590335987, -4
4.553280271695853, -4
4.560436810153528, -4
4.529071395135485, -4
4.507694287785115, -4
4.53614926476897, -4
4.611042649553292, -4
4.6886878797899865, -4
4.723010718793208, -4
4.705526163570798, -4
4.672700567534568, -4
4.6743111367948185, -4
4.7302560927615875, -4
4.813289722695304, -4
4.872662475143797, -4
4.878154465366891, -4
4.846296149619423, -4
4.826025460744773, -4
4.856226177093078, -4
4.931989908767122, -4
5.008874925670655, -4
5.041466600059622, -4
5.022781996334607, -4
4.99032870552898, -4
4.993560898299087, -4
5.050969773419796, -4
5.134039429742742, -4
5.1919890570526634, -4
5.195833563562548, -4
5.163532866102681, -4
5.144408735737176, -4
5.1763501244800345, -4
5.252938325492604, -4
5.329016247181812, -4
5.359869548416608, -4
5.340023615573312, -4
5.307993681931706, -4
5.312866586823132, -4
5.371709943906388, -4
5.454763205184579, -4
5.511259785815312, -4
5.513475348776874, -4
5.480783184860876, -4
5.462844726070814, -4
5.496520161126138, -4
5.5738862154526885, -4
5.64911088295784, -4
5.678220159551308, -4
5.657252657171155, -4
5.625696753427947, -4
5.632227989473917, -4
5.692475106469494, -4
5.775459565953917, -4
5.830474479852008, -4
5.831081098467305, -4
5.798048733986129, -4
5.781333997837284, -4
5.816735299945758, -4
5.894831894842136, -4
5.969157913449315, -4
5.996519076029073, -4
5.974470768278121, -4
5.9434391425813, -4
5.951644843455529, -4
6.013263740971961, -4
6.0961270535390515, -4
6.149633007773057, -4
6.148652122368128, -4
6.115331127928799, -4
6.099877069404253, -4
6.136994513455458, -4
6.215773681835718, -4
6.289156461746646, -4
6.314766986717921, -4
0, 4
0.07633533013546263, 4
0.10773297536855013, 4
0.0882460149572795, 4
0.05607821510279649, 4
0.06043603654113955, 4
0.11883401175849846, 4
0.20189803410074172, 4
0.25885218174891944, 4
0.26157510373403414, 4
0.22899987422160936, 4
0.2106864655658113, 4
0.24382039659195737, 4
0.32094823570822323, 4
0.39644466733360323, 4
0.4260998877200854, 4
0.4054788136048267, 4
0.37376923962878517, 4
0.37978004091144374, 4
0.4395915205742259, 4
0.5226031265288199, 4
0.5780844167137088, 4
0.5791919840085322, 4
0.5462604859915184, 4
0.5291590159978184, 4
0.5640215385803526, 4
0.6418947873015276, 4
0.7165066822850461, 4
0.7444148994532218, 4
0.7227001655058387, 4
0.6914992031979467, 4
0.6991795841496354, 4
0.7603729790647139, 4
0.8432797991931241, 4
0.8972605212522086, 4
0.8967737254853735, 4
0.8635374392251689, 4
0.8476852092723602, 4
0.8842670808831803, 4
0.9628379721734476, 4
1.03652048465869, 4
1.0626786850195293, 4
1.0399117246979195, 4
1.009269304286775, 4
1.0186343692974509, 4
1.0811768524966228, 4
1.163926611216493, 4
1.2163803985391608, 4
1.2143216594028936, 4
1.180832338158311, 4
1.1662655306866807, 4
1.2045559687847427, 4
1.2837761107330763, 4
1.3564852273072152, 4
1.3808919647536184, 4
1.3571151539899577, 4
1.3270807054207754, 4
1.3381440499167048, 4
1.4020015860596549, 4
1.484542148467803, 4
1.535444002111796, 4
1.531837147280699, 4
1.4981467709528125, 4
1.4849004170557003, 4
1.5248871087448896, 4
1.6047075279094614, 4
1.6764001070258703, 4
1.699055504227938, 4
1.6743121234727545, 4
1.6449345321331927, 4
1.6577082303995927, 4
1.722845606259189, 4
1.8051250248285993, 4
1.8544513359114496, 4
1.8493215797001674, 4
1.8154823082741536, 4
1.8035902563207629, 4
1.845259369378499, 4
1.925630554651968, 4
1.9962643652718985, 4
2.017170113567057, 4
1.9915043090231341, 4
1.9628318719568787, 4
1.9773264663230345, 4
2.043707322325654, 4
2.125673883434632, 4
2.1734024542800308, 4
2.166776375058902, 4
2.1328405018845884, 4
2.122335387202159, 4
2.165671582468852, 4
2.2465435294252285, 4
2.316077288843961, 4
2.3352366467220405, 4
2.308693390802864, 4
2.280773773450195, 4
2.296998264846744, 4
2.364585127639371, 4
2.4461873978911997, 4
2.49229746191135, 4
2.484202978300287, 4
2.450222883253236, 4
2.441136098895734, 4
2.4861225440140005, 4
2.5674447996973826, 4
2.6358382105209497, 4
2.6532560007055666, 4
2.625881051753749, 4
2.598761245257821, 4
2.6167230851546623, 4
2.6854774011696008, 4
2.766664273461192, 4
2.811136513757343, 4
2.8016028596192526, 4
2.767630962184356, 4
2.759992630813859, 4
2.806611015305184, 4
2.88833272342023, 4
2.9555465096596087, 4
2.9712291147884797, 4
2.943068976090217, 4
2.916795255207316, 4
2.936500338939365, 4
3.006382508926485, 4
3.0871032482247736, 4
3.129919814889285, 4
3.118977513145434, 4
3.0850662254650163, 4
3.078905172370988, 4
3.1271357240363384, 4
3.2092056705000185, 4
3.27520161275045, 4
3.2891569696584875, 4
3.260258847790789, 4
3.2348767294422456, 4
3.2563293909290043, 4
3.3272988054246135, 4
3.4075030942096927, 4
3.448647620314106, 4
3.4363284556048805, 4
3.402530135533392, 4
3.3978738628140026, 4
3.4476953654436895, 4
3.530062024257508, 4
3.594802993931435, 4
3.607040586541766, 4
3.577452349089739, 4
3.55300655159263, 4
3.5762095594563235, 4
3.6482246351568643, 4
3.7278626184911574, 4
3.767320234745982, 4
3.7536572249615356, 4
3.720024129168866, 4
3.716898791097488, 4
3.7682886034744327, 4
3.8509001828760114, 4
3.914350175458991, 4
3.924881026288247, 4
3.8946511589703237, 4
3.8711855619834914, 4
3.8961401170692174, 4
3.9691583340772536, 4
4.048180664260341, 4
4.085938012333407, 4
4.070965379039686, 4
4.037549616205104, 4
4.0359799958040545, 4
4.088914071983418, 4
4.17171856083615, 4
4.233842728135927, 4
4.242679388421429, 4
4.211856951660933, 4
4.18941455688217, 4
4.216120291182313, 4
4.290098231091391, 4
4.368456111860528, 4
4.4045013563419815, 4
4.3882544941286294, 4
4.355107978267281, 4
4.355117465109784, 4
4.409570375956809, 4
4.492515590335987, 4
4.553280271695853, 4
4.560436810153528, 4
4.529071395135485, 4
4.507694287785115, 4
4.53614926476897, 4
4.611042649553292, 4
4.6886878797899865, 4
4.723010718793208, 4
4.705526163570798, 4
4.672700567534568, 4
4.6743111367948185, 4
4.7302560927615875, 4
4.813289722695304, 4
4.872662475143797, 4
4.878154465366891, 4
4.846296149619423, 4
4.826025460744773, 4
4.856226177093078, 4
4.931989908767122, 4
5.008874925670655, 4
5.041466600059622, 4
5.022781996334607, 4
4.99032870552898, 4
4.993560898299087, 4
5.050969773419796, 4
5.134039429742742, 4
5.1919890570526634, 4
5.195833563562548, 4
5.163532866102681, 4
5.144408735737176, 4
5.1763501244800345, 4
5.252938325492604, 4
5.329016247181812, 4
5.359869548416608, 4
5.340023615573312, 4
5.307993681931706, 4
5.312866586823132, 4
5.371709943906388, 4
5.454763205184579, 4
5.511259785815312, 4
5.513475348776874, 4
5.480783184860876, 4
5.462844726070814, 4
5.496520161126138, 4
5.5738862154526885, 4
5.64911088295784, 4
5.678220159551308, 4
5.657252657171155, 4
5.625696753427947, 4
5.632227989473917, 4
5.692475106469494, 4
5.775459565953917, 4
5.830474479852008, 4
5.831081098467305, 4
5.798048733986129, 4
5.781333997837284, 4
5.816735299945758, 4
5.894831894842136, 4
5.969157913449315, 4
5.996519076029073, 4
5.974470768278121, 4
5.9434391425813, 4
5.951644843455529, 4
6.013263740971961, 4
6.0961270535390515, 4
6.149633007773057, 4
6.148652122368128, 4
6.115331127928799, 4
6.099877069404253, 4
6.136994513455458, 4
6.215773681835718, 4
6.289156461746646, 4
6.314766986717921, 4
